0.0000 14078.0000 186603.9000
0.4214 14078.0000 186666.2000
0.8429 14091.0000 186722.4000
1.2643 14078.0000 186775.1000
1.6857 14085.0000 186824.9000
2.1071 14072.0000 186872.8000
2.5286 14072.0000 186918.9000
2.9500 14078.0000 186963.3000
3.3714 14085.0000 187007.0000
3.7929 14085.0000 187049.6000
4.2143 14078.0000 187091.6000
4.6357 14078.0000 187133.4000
5.0571 14072.0000 187174.4000
5.4786 14078.0000 187215.4000
5.9000 14072.0000 187256.2000
6.3214 14085.0000 187296.1000
6.7429 14085.0000 187336.3000
7.1643 14085.0000 187376.3000
7.5857 14078.0000 187415.1000
8.0071 14085.0000 187454.5000
8.4286 14072.0000 187493.7000
8.8500 14078.0000 187532.0000
9.2714 14072.0000 187570.6000
9.6929 14078.0000 187609.2000
10.1143 14085.0000 187647.3000
10.5357 14078.0000 187686.4000
10.9571 14078.0000 187725.8000
11.3786 14078.0000 187763.6000
11.8000 14078.0000 187803.0000
12.2214 14078.0000 187841.9000
12.6429 14078.0000 187880.0000
13.0643 14085.0000 187919.1000
13.4857 14078.0000 187958.5000
13.9071 14078.0000 187997.7000
14.3286 14078.0000 188039.7000
14.7500 14085.0000 188082.9000
15.1714 14085.0000 188122.8000
15.5929 14078.0000 188173.4000
16.0143 14072.0000 188220.8000
16.4357 14085.0000 188268.7000
16.8571 14078.0000 188319.3000
17.2786 14091.0000 188370.4000
17.7000 14085.0000 188421.5000
18.1214 14072.0000 188474.2000
18.5429 14078.0000 188526.4000
18.9643 14078.0000 188577.3000
19.3857 14078.0000 188628.6000
19.8071 14078.0000 188679.5000
20.2286 14072.0000 188728.2000
20.6500 14078.0000 188777.5000
