0.0000 186604.4000
0.4490 186671.2000
0.8980 186731.4000
1.3469 186788.1000
1.7959 186841.6000
2.2449 186892.8000
2.6939 186941.7000
3.1429 186989.9000
3.5918 187036.5000
4.0408 187082.9000
4.4898 187127.6000
4.9388 187172.3000
5.3878 187216.0000
5.8367 187259.4000
6.2857 187302.2000
6.7347 187344.8000
7.1837 187386.1000
7.6327 187427.9000
8.0816 187468.4000
8.5306 187509.1000
8.9796 187549.8000
9.4286 187589.5000
9.8776 187630.2000
10.3265 187670.2000
10.7755 187709.8000
11.2245 187750.9000
11.6735 187791.3000
12.1224 187831.0000
12.5714 187872.0000
13.0204 187911.4000
13.4694 187953.2000
13.9184 187995.3000
14.3673 188037.6000
14.8163 188082.9000
15.2653 188129.7000
15.7143 188176.8000
16.1633 188226.9000
16.6122 188277.7000
17.0612 188328.9000
17.5102 188381.6000
17.9592 188434.6000
18.4082 188486.2000
18.8571 188539.2000
19.3061 188589.8000
19.7551 188642.2000
20.2041 188694.4000
20.6531 188744.2000
21.1020 188745.5000
21.5510 188746.1000
22.0000 188745.5000
