0.0000 14078.0000 186605.0000
0.4214 14078.0000 186667.8000
0.8429 14078.0000 186724.5000
1.2643 14085.0000 186777.7000
1.6857 14085.0000 186828.3000
2.1071 14085.0000 186876.8000
2.5286 14078.0000 186923.4000
2.9500 14078.0000 186968.6000
3.3714 14078.0000 187012.8000
3.7929 14078.0000 187056.0000
4.2143 14091.0000 187098.8000
4.6357 14072.0000 187140.6000
5.0571 14072.0000 187182.4000
5.4786 14085.0000 187222.9000
5.9000 14072.0000 187263.6000
6.3214 14085.0000 187303.8000
6.7429 14085.0000 187344.1000
7.1643 14078.0000 187383.7000
7.5857 14078.0000 187423.1000
8.0071 14085.0000 187461.7000
8.4286 14085.0000 187500.6000
8.8500 14091.0000 187539.2000
9.2714 14078.0000 187577.0000
9.6929 14078.0000 187615.3000
10.1143 14072.0000 187653.7000
10.5357 14072.0000 187691.2000
10.9571 14072.0000 187728.8000
11.3786 14085.0000 187768.2000
11.8000 14085.0000 187805.4000
12.2214 14078.0000 187843.8000
12.6429 14091.0000 187881.8000
13.0643 14085.0000 187919.1000
13.4857 14078.0000 187957.7000
13.9071 14078.0000 187997.1000
14.3286 14072.0000 188036.3000
14.7500 14085.0000 188077.8000
15.1714 14085.0000 188120.4000
15.5929 14072.0000 188163.0000
16.0143 14078.0000 188207.4000
16.4357 14072.0000 188253.0000
16.8571 14078.0000 188298.0000
17.2786 14078.0000 188345.1000
17.7000 14085.0000 188393.3000
18.1214 14085.0000 188440.9000
18.5429 14078.0000 188490.7000
18.9643 14085.0000 14085.0000
19.3857 188540.5000 14078.0000
19.8071 188589.0000 14078.0000
20.2286 188639.0000 188688.3000
20.6500 14085.0000 188735.7000
