0.0000 14078.0000 186604.2000
0.4214 14078.0000 186666.5000
0.8429 14078.0000 186722.9000
1.2643 14072.0000 186775.9000
1.6857 14072.0000 186826.2000
2.1071 14085.0000 186874.1000
2.5286 14072.0000 186920.2000
2.9500 14085.0000 186965.2000
3.3714 14078.0000 187009.4000
3.7929 14085.0000 187052.2000
4.2143 14078.0000 187094.8000
4.6357 14072.0000 187136.9000
5.0571 14085.0000 187178.2000
5.4786 14072.0000 187219.4000
5.9000 14072.0000 187260.4000
6.3214 14078.0000 187300.4000
6.7429 14085.0000 187340.8000
7.1643 14085.0000 187380.8000
7.5857 14085.0000 187419.9000
8.0071 14072.0000 187459.3000
8.4286 14078.0000 187498.5000
8.8500 14078.0000 187536.5000
9.2714 14091.0000 187575.4000
9.6929 14078.0000 187614.0000
10.1143 14078.0000 187651.6000
10.5357 14078.0000 187690.4000
10.9571 14085.0000 187729.0000
11.3786 14085.0000 187767.1000
11.8000 14078.0000 187806.0000
12.2214 14078.0000 187844.8000
12.6429 14078.0000 187882.6000
13.0643 14085.0000 187921.5000
13.4857 14072.0000 187960.9000
13.9071 14072.0000 187999.8000
14.3286 14065.0000 188041.6000
14.7500 14078.0000 188084.2000
15.1714 14085.0000 188127.8000
15.5929 14078.0000 188173.6000
16.0143 14078.0000 188220.5000
16.4357 14085.0000 188267.4000
16.8571 14078.0000 188316.6000
17.2786 14078.0000 188366.4000
17.7000 14085.0000 188415.9000
18.1214 14085.0000 188467.0000
18.5429 14078.0000 188518.2000
18.9643 14072.0000 188567.4000
19.3857 14078.0000 188617.5000
19.8071 14078.0000 188667.5000
20.2286 14078.0000 188715.2000
20.6500 14072.0000 188763.6000
